c1 =

     1     2
     2     3
     3     3
     4     5
     5     5


c2 =

     1     0
     2     1
     3     1
     3     2
     5     3
     6     5


n1 =

     5


n2 =

     6


mu1 =

    3.0000    3.6000


mu2 =

    3.3333    2.0000


mu =

    3.1667    2.8000


d1 =

   -2.0000   -1.6000
   -1.0000   -0.6000
         0   -0.6000
    1.0000    1.4000
    2.0000    1.4000


d2 =

   -2.3333   -2.0000
   -1.3333   -1.0000
   -0.3333   -1.0000
   -0.3333         0
    1.6667    1.0000
    2.6667    3.0000


s1 =

   10.0000    8.0000
    8.0000    7.2000


s2 =

   17.3333   16.0000
   16.0000   16.0000


sw =

   27.3333   24.0000
   24.0000   23.2000


invsw =

    0.3991   -0.4128
   -0.4128    0.4702


sb1 =

    0.1389   -0.6667
   -0.6667    3.2000


sb2 =

    0.1667   -0.8000
   -0.8000    3.8400


SB =

    0.3056   -1.4667
   -1.4667    7.0400


v =

    0.7274   -3.4917
   -0.8157    3.9156


evec =

   -0.9790    0.6656
   -0.2040   -0.7463


eval =

         0         0
         0    4.6430


y2 =

    0.7274   -3.4917
    0.6391   -3.0679
    1.3666   -6.5596
    0.5508   -2.6440
    1.1900   -5.7119
    0.2859   -1.3725


y1 =

   -0.9041    4.3394
   -0.9924    4.7633
   -0.2649    1.2716
   -1.1690    5.6110
   -0.4415    2.1193